# Generated Heavy Benchmark Scene
E 0 5 20
V 0 0 -1 0 1 0
F 60
R 400 300
M 0 0 0 0 0 0 0
SL 0 20 0 5 15 15 15
M 0.71 0.02 0.05 0.7 0.3 20 0.20
S 2.18 6.37 -17.29 0.44
M 0.53 0.16 0.56 0.7 0.3 20 0.18
S 14.58 -2.06 -5.79 0.41
M 0.14 0.02 0.68 0.7 0.3 20 0.26
S 8.16 -7.51 4.93 0.21
M 0.29 0.59 0.44 0.7 0.3 20 0.22
S -12.12 1.65 -15.54 0.74
M 0.30 0.11 0.05 0.7 0.3 20 0.20
S 7.00 5.26 -3.28 1.00
M 0.35 0.33 0.78 0.7 0.3 20 0.06
S -0.11 -8.38 -2.81 0.61
M 0.40 0.70 0.28 0.7 0.3 20 0.04
S 7.93 -8.92 -16.39 0.92
M 0.92 0.32 0.50 0.7 0.3 20 0.26
S 10.22 2.72 -9.21 0.88
M 0.62 0.07 0.74 0.7 0.3 20 0.23
S -7.93 8.97 0.05 0.42
M 0.04 0.17 0.85 0.7 0.3 20 0.03
S 11.59 -9.54 -12.78 0.28
M 0.30 0.86 0.05 0.7 0.3 20 0.23
S 7.40 -2.11 -14.46 0.35
M 0.87 0.66 0.67 0.7 0.3 20 0.11
S -9.77 -4.02 -3.60 0.25
M 0.59 0.39 0.46 0.7 0.3 20 0.23
S 14.90 -9.76 -16.63 0.24
M 0.55 0.48 0.92 0.7 0.3 20 0.15
S 13.39 -8.86 -12.54 0.70
M 0.23 0.64 0.52 0.7 0.3 20 0.06
S -3.25 2.20 -3.16 0.64
M 0.04 0.71 0.01 0.7 0.3 20 0.18
S 3.44 -6.89 -9.29 0.53
M 0.69 0.08 0.52 0.7 0.3 20 0.28
S 11.46 -4.63 1.70 0.59
M 0.57 0.70 0.03 0.7 0.3 20 0.10
S 3.45 -1.88 -1.08 0.44
M 0.25 0.01 0.25 0.7 0.3 20 0.25
S -1.79 -0.97 -8.04 0.34
M 0.17 0.80 0.37 0.7 0.3 20 0.23
S 10.12 4.08 -4.54 0.65
M 0.44 0.04 0.44 0.7 0.3 20 0.28
S 3.85 5.01 -9.80 0.65
M 0.71 0.40 0.04 0.7 0.3 20 0.16
S 11.74 8.20 -18.89 0.33
M 0.85 0.86 1.00 0.7 0.3 20 0.06
S -11.59 8.32 -11.19 0.75
M 0.62 0.01 0.20 0.7 0.3 20 0.09
S 7.14 8.62 -1.32 0.99
M 0.55 0.76 0.43 0.7 0.3 20 0.07
S -12.00 9.16 -8.50 0.87
M 0.04 0.44 0.20 0.7 0.3 20 0.10
S 14.21 2.40 -0.68 0.71
M 0.05 0.88 0.73 0.7 0.3 20 0.20
S -6.33 5.75 -6.42 0.33
M 0.63 0.22 0.44 0.7 0.3 20 0.29
S -7.40 -7.94 -16.79 0.89
M 0.02 0.13 0.33 0.7 0.3 20 0.04
S 7.00 1.46 -13.45 0.35
M 0.34 0.23 0.26 0.7 0.3 20 0.02
S -3.05 -5.37 -0.68 0.80
M 0.10 0.20 0.23 0.7 0.3 20 0.26
S -5.93 8.23 -17.29 0.72
M 0.74 0.28 0.53 0.7 0.3 20 0.12
S 0.36 -8.32 -12.42 0.93
M 0.59 0.99 0.59 0.7 0.3 20 0.17
S 5.39 -8.84 -8.97 0.68
M 0.99 0.43 0.59 0.7 0.3 20 0.20
S 3.07 7.75 -18.02 0.67
M 0.60 0.93 0.98 0.7 0.3 20 0.17
S -8.41 -7.32 -18.35 0.98
M 0.17 0.85 0.81 0.7 0.3 20 0.19
S 6.65 4.99 -9.14 0.48
M 0.21 0.36 0.29 0.7 0.3 20 0.01
S 13.85 -5.42 -15.37 0.69
M 0.18 0.52 0.90 0.7 0.3 20 0.07
S -11.36 -2.87 -4.23 0.39
M 0.17 0.45 0.49 0.7 0.3 20 0.26
S -13.59 -1.29 -18.45 0.77
M 0.88 0.95 0.05 0.7 0.3 20 0.19
S -12.74 -2.58 -18.50 0.22
M 0.02 0.56 0.81 0.7 0.3 20 0.16
S 6.41 -6.82 -11.44 0.39
M 0.96 0.90 0.39 0.7 0.3 20 0.03
S -8.55 -5.79 -5.23 0.69
M 0.04 0.14 0.48 0.7 0.3 20 0.23
S -14.96 8.69 2.61 0.56
M 0.71 0.80 0.69 0.7 0.3 20 0.01
S 10.66 -8.49 -16.37 0.42
M 0.98 0.16 0.95 0.7 0.3 20 0.03
S 6.48 7.91 -7.01 0.86
M 0.31 0.94 0.59 0.7 0.3 20 0.26
S -7.75 -3.64 -9.80 0.70
M 0.82 0.57 0.68 0.7 0.3 20 0.12
S 3.79 -0.50 -17.54 0.53
M 0.34 0.43 0.70 0.7 0.3 20 0.18
S 11.56 5.47 -13.03 0.20
M 0.84 0.39 0.16 0.7 0.3 20 0.02
S 4.85 -2.62 -2.87 0.74
M 0.46 0.24 0.23 0.7 0.3 20 0.17
S 11.85 5.67 2.38 0.56
M 1.00 0.55 0.52 0.7 0.3 20 0.22
S 14.54 9.57 -8.14 0.76
M 0.43 0.14 0.59 0.7 0.3 20 0.03
S -3.41 -7.38 -9.26 0.88
M 0.49 0.65 0.05 0.7 0.3 20 0.22
S -7.05 -1.73 -19.59 0.82
M 0.89 0.91 0.18 0.7 0.3 20 0.04
S 14.22 -1.42 2.23 0.58
M 0.68 0.31 0.74 0.7 0.3 20 0.21
S 4.51 -2.39 -11.54 0.94
M 0.45 0.57 0.16 0.7 0.3 20 0.21
S -1.48 -2.29 -16.97 0.24
M 0.59 0.88 0.80 0.7 0.3 20 0.25
S -1.37 8.55 -4.72 0.21
M 0.63 0.94 0.38 0.7 0.3 20 0.14
S 8.49 4.79 2.77 0.40
M 0.25 0.02 0.76 0.7 0.3 20 0.12
S -7.31 3.41 3.97 0.36
M 0.71 0.73 0.26 0.7 0.3 20 0.29
S -13.60 -0.75 4.66 0.77
M 0.36 0.68 0.46 0.7 0.3 20 0.09
S 1.46 3.65 -13.09 0.40
M 0.51 0.12 0.14 0.7 0.3 20 0.27
S -10.92 8.67 -3.72 0.25
M 0.94 0.65 0.94 0.7 0.3 20 0.25
S 4.98 2.30 -6.85 0.74
M 0.49 0.01 0.43 0.7 0.3 20 0.18
S -4.54 4.89 -12.45 0.91
M 0.64 0.50 0.90 0.7 0.3 20 0.06
S 8.78 5.67 -4.52 0.71
M 0.24 0.92 0.61 0.7 0.3 20 0.00
S 10.79 5.21 -8.20 0.45
M 0.66 0.66 0.65 0.7 0.3 20 0.01
S -3.71 6.38 1.49 0.23
M 0.32 0.07 0.19 0.7 0.3 20 0.25
S -10.71 -2.50 -10.78 0.92
M 0.70 0.23 0.53 0.7 0.3 20 0.12
S -14.44 7.61 -15.87 0.74
M 0.80 0.03 0.05 0.7 0.3 20 0.01
S 7.12 -6.23 -11.85 0.63
M 0.20 0.64 0.21 0.7 0.3 20 0.01
S -4.86 -6.73 -2.91 0.69
M 0.25 0.63 0.24 0.7 0.3 20 0.14
S -12.59 2.06 -3.24 0.93
M 0.22 0.31 0.01 0.7 0.3 20 0.21
S 6.40 -6.73 -4.46 0.26
M 0.77 0.03 0.86 0.7 0.3 20 0.20
S 3.55 -7.15 -10.27 0.69
M 0.74 0.78 0.30 0.7 0.3 20 0.01
S 12.51 -1.55 -13.83 0.95
M 0.01 0.97 0.48 0.7 0.3 20 0.09
S -13.63 -0.53 -1.09 0.67
M 0.76 0.33 0.99 0.7 0.3 20 0.16
S -1.46 0.72 -15.12 0.51
M 0.11 0.72 0.11 0.7 0.3 20 0.17
S -10.37 -6.13 0.18 0.88
M 0.11 0.44 0.34 0.7 0.3 20 0.03
S -1.98 -7.09 1.95 0.70
M 0.35 0.60 0.26 0.7 0.3 20 0.18
S 1.99 -1.07 -2.71 0.84
M 0.54 0.89 0.77 0.7 0.3 20 0.09
S -13.57 -6.62 -7.11 0.51
M 0.61 0.13 0.39 0.7 0.3 20 0.23
S -13.86 2.18 -3.54 0.83
M 0.79 0.69 0.56 0.7 0.3 20 0.00
S 6.81 3.25 -17.72 0.22
M 0.82 0.49 0.32 0.7 0.3 20 0.04
S 11.53 -2.05 4.56 0.68
M 0.91 0.37 0.64 0.7 0.3 20 0.23
S 6.92 -1.08 -12.86 0.46
M 0.27 0.15 0.27 0.7 0.3 20 0.11
S -12.38 3.35 -11.63 0.89
M 0.02 0.03 0.61 0.7 0.3 20 0.04
S 9.34 -4.57 -3.44 0.84
M 0.59 0.78 0.04 0.7 0.3 20 0.30
S -6.16 5.78 4.56 0.79
M 0.63 0.93 0.64 0.7 0.3 20 0.14
S -12.43 0.15 3.22 0.54
M 0.96 0.87 0.49 0.7 0.3 20 0.06
S -5.53 -8.13 -3.97 0.38
M 0.97 0.64 0.20 0.7 0.3 20 0.25
S -0.42 -3.07 -17.35 0.79
M 0.44 0.74 0.04 0.7 0.3 20 0.13
S 3.21 -0.96 -13.97 0.31
M 0.57 0.19 0.90 0.7 0.3 20 0.01
S 2.22 -5.27 -0.44 0.34
M 0.75 0.99 0.54 0.7 0.3 20 0.15
S -13.70 7.17 -11.03 0.85
M 0.31 0.63 0.16 0.7 0.3 20 0.28
S 6.91 4.25 -14.03 0.50
M 0.65 0.98 0.99 0.7 0.3 20 0.29
S -4.23 -7.49 -3.53 0.28
M 0.30 0.95 0.05 0.7 0.3 20 0.18
S 12.71 5.63 1.64 0.99
M 0.63 0.28 0.04 0.7 0.3 20 0.08
S 13.00 -6.68 -18.41 0.85
M 0.35 0.47 0.37 0.7 0.3 20 0.21
S -1.26 -6.60 -6.40 0.88
M 0.22 0.31 0.04 0.7 0.3 20 0.15
S 5.96 -7.01 3.73 0.68
M 0.34 0.82 0.98 0.7 0.3 20 0.27
S 12.70 4.93 3.84 0.37
M 0.01 0.29 0.45 0.7 0.3 20 0.08
S 4.59 3.15 1.09 0.47
M 0.64 0.54 0.80 0.7 0.3 20 0.18
S -13.58 -5.91 2.06 0.27
M 0.26 0.92 0.27 0.7 0.3 20 0.10
S 10.41 -6.56 -5.71 0.21
M 0.89 0.27 0.29 0.7 0.3 20 0.11
S -3.16 -5.59 -5.11 0.54
M 0.25 0.76 0.15 0.7 0.3 20 0.04
S 1.44 3.44 -5.90 0.81
M 0.22 0.91 0.01 0.7 0.3 20 0.13
S 3.46 1.91 -5.65 0.96
M 0.60 0.61 0.08 0.7 0.3 20 0.04
S 13.85 -5.91 3.99 0.46
M 0.26 0.11 0.20 0.7 0.3 20 0.09
S 10.21 6.88 -7.81 0.45
M 0.94 0.62 0.42 0.7 0.3 20 0.22
S -3.18 3.35 0.66 0.59
M 0.39 0.16 0.86 0.7 0.3 20 0.01
S -0.74 -9.65 -11.76 0.21
M 0.59 0.07 0.64 0.7 0.3 20 0.14
S -0.22 4.83 -8.24 0.44
M 0.64 0.45 0.95 0.7 0.3 20 0.14
S -14.85 0.30 -4.84 0.42
M 0.11 0.82 0.81 0.7 0.3 20 0.26
S -2.82 3.97 0.94 0.81
M 0.88 0.57 0.31 0.7 0.3 20 0.11
S 10.09 -3.03 -2.19 0.82
M 0.17 0.59 0.79 0.7 0.3 20 0.09
S 1.59 -2.09 -16.68 0.81
M 0.51 0.87 0.20 0.7 0.3 20 0.12
S -6.17 -6.71 4.78 0.51
M 0.69 0.12 0.07 0.7 0.3 20 0.22
S -12.99 -2.73 3.03 0.37
M 0.91 0.71 0.08 0.7 0.3 20 0.11
S -8.71 -3.13 -12.06 0.33
M 0.92 0.51 0.35 0.7 0.3 20 0.16
S -10.54 8.91 -1.00 0.41
M 0.73 0.20 0.37 0.7 0.3 20 0.26
S 8.35 0.26 -7.07 0.89
M 0.67 0.89 0.91 0.7 0.3 20 0.01
S 8.59 -2.52 -13.02 0.73
M 0.89 0.44 0.56 0.7 0.3 20 0.09
S -0.47 -7.93 -15.60 0.37
M 0.09 0.87 0.88 0.7 0.3 20 0.14
S -6.75 5.60 -14.92 0.95
M 0.76 0.80 0.21 0.7 0.3 20 0.25
S -7.79 -9.33 -1.12 0.99
M 0.49 0.58 0.21 0.7 0.3 20 0.18
S -5.88 -5.81 -13.68 0.64
M 0.29 0.49 0.80 0.7 0.3 20 0.26
S 8.68 7.70 -6.31 0.69
M 0.78 0.25 0.75 0.7 0.3 20 0.03
S -8.23 -1.07 -16.33 0.99
M 0.92 0.74 0.48 0.7 0.3 20 0.27
S -12.81 5.69 4.85 0.46
M 0.65 0.07 0.14 0.7 0.3 20 0.19
S -6.03 -1.82 -12.69 0.44
M 0.33 0.17 0.15 0.7 0.3 20 0.12
S 7.01 0.70 -7.85 0.62
M 0.03 0.59 0.76 0.7 0.3 20 0.25
S 14.42 -2.05 -0.68 0.38
M 0.15 0.85 0.10 0.7 0.3 20 0.28
S -1.27 -2.86 -11.15 0.24
M 0.16 0.29 0.86 0.7 0.3 20 0.24
S 13.30 -3.62 -0.10 0.56
M 0.74 0.04 0.82 0.7 0.3 20 0.21
S 13.62 -3.84 -9.43 1.00
M 0.97 0.19 0.19 0.7 0.3 20 0.27
S 7.65 7.37 -13.10 0.61
M 0.98 0.42 0.86 0.7 0.3 20 0.09
S -8.08 8.13 -7.50 0.84
M 0.47 0.85 0.24 0.7 0.3 20 0.09
S 7.73 8.03 -0.59 0.27
M 0.57 0.09 0.52 0.7 0.3 20 0.09
S -3.75 8.91 1.46 0.83
M 0.51 0.59 0.18 0.7 0.3 20 0.29
S -3.21 -3.25 -15.54 0.37
M 0.33 0.82 0.58 0.7 0.3 20 0.10
S 2.04 -3.84 0.26 0.65
M 0.45 0.01 0.79 0.7 0.3 20 0.05
S 0.44 8.57 -0.67 0.31
M 0.10 0.33 0.21 0.7 0.3 20 0.19
S 4.66 -9.95 -10.91 0.21
M 0.99 0.85 0.09 0.7 0.3 20 0.19
S 4.17 -4.09 -4.95 0.24
M 0.33 0.70 0.71 0.7 0.3 20 0.08
S -0.60 1.09 -3.10 0.70
M 0.11 0.29 0.77 0.7 0.3 20 0.27
S -2.20 9.12 2.74 0.81
M 0.23 0.84 0.40 0.7 0.3 20 0.25
S -1.13 6.21 -4.55 0.38
M 0.64 0.42 0.50 0.7 0.3 20 0.24
S 10.10 3.64 1.35 0.31
M 0.22 0.15 0.05 0.7 0.3 20 0.10
S -14.73 3.59 -8.32 0.25
M 0.57 0.10 0.10 0.7 0.3 20 0.29
S -14.40 6.66 -2.46 0.34
M 0.25 0.14 0.43 0.7 0.3 20 0.27
S -6.08 -5.48 -4.28 0.65
M 0.48 0.13 0.73 0.7 0.3 20 0.28
S -13.40 0.53 4.85 0.67
M 0.27 0.66 0.59 0.7 0.3 20 0.21
S -8.09 -6.27 4.15 0.55
M 0.38 0.58 0.19 0.7 0.3 20 0.28
S 7.68 -4.91 3.19 0.42
M 0.95 0.73 0.90 0.7 0.3 20 0.17
S -11.12 -4.95 -7.16 0.84
M 0.22 0.83 0.25 0.7 0.3 20 0.06
S -2.95 1.41 -1.06 0.59
M 0.76 0.38 0.58 0.7 0.3 20 0.01
S -8.88 8.36 3.56 0.42
M 0.12 0.73 0.32 0.7 0.3 20 0.19
S 3.34 -0.81 -15.75 0.83
M 0.18 0.52 0.87 0.7 0.3 20 0.01
S 4.23 5.12 -9.40 0.50
M 1.00 0.95 0.13 0.7 0.3 20 0.28
S 4.53 -4.12 4.95 0.58
M 0.59 0.46 0.85 0.7 0.3 20 0.15
S -12.30 -8.73 -2.83 0.25
M 0.20 0.62 0.57 0.7 0.3 20 0.02
S -3.97 2.66 -14.10 0.75
M 0.67 0.93 0.17 0.7 0.3 20 0.09
S 4.74 3.26 -17.68 0.74
M 0.13 0.65 0.64 0.7 0.3 20 0.27
S 12.16 -5.07 -16.91 0.68
M 0.97 0.99 0.39 0.7 0.3 20 0.07
S 5.40 5.72 2.00 0.99
M 0.21 0.72 0.11 0.7 0.3 20 0.14
S 6.62 -1.15 -12.79 0.82
M 0.25 0.12 0.51 0.7 0.3 20 0.13
S 12.65 5.39 -18.98 0.69
M 0.71 0.71 0.18 0.7 0.3 20 0.26
S 6.10 8.71 4.60 0.58
M 0.76 0.47 0.57 0.7 0.3 20 0.02
S 0.49 8.48 3.55 0.32
M 0.14 0.07 0.24 0.7 0.3 20 0.17
S -12.43 -6.28 -3.22 0.70
M 0.16 0.56 0.04 0.7 0.3 20 0.17
S 3.46 -5.13 -13.77 0.29
M 0.94 0.29 0.60 0.7 0.3 20 0.24
S -10.58 2.55 2.74 0.21
M 0.71 0.28 0.95 0.7 0.3 20 0.01
S 14.02 -9.18 1.79 0.45
M 0.92 0.33 0.63 0.7 0.3 20 0.23
S 3.36 6.73 -12.91 0.24
M 0.18 0.35 0.74 0.7 0.3 20 0.19
S -8.47 -8.96 0.05 0.74
M 0.33 0.21 0.58 0.7 0.3 20 0.28
S 3.30 -3.64 -2.01 0.56
M 0.10 0.54 0.71 0.7 0.3 20 0.24
S 0.96 -7.43 0.48 0.74
M 0.34 0.17 0.06 0.7 0.3 20 0.23
S 8.51 -7.47 0.00 0.58
M 0.63 0.13 0.17 0.7 0.3 20 0.21
S 4.81 -0.85 4.04 0.60
M 0.94 0.58 0.56 0.7 0.3 20 0.11
S 6.03 -4.61 -5.18 0.82
M 0.90 0.78 0.65 0.7 0.3 20 0.18
S -12.10 -5.34 -13.57 0.54
M 0.94 0.45 0.18 0.7 0.3 20 0.28
S -7.60 -1.61 2.86 0.58
M 0.33 0.44 0.15 0.7 0.3 20 0.01
S 0.34 -8.19 3.62 0.75
M 0.01 0.07 0.16 0.7 0.3 20 0.21
S -8.91 4.47 -15.39 0.53
M 0.22 0.77 0.57 0.7 0.3 20 0.04
S -6.86 -4.73 -9.29 0.75
M 0.66 0.98 0.97 0.7 0.3 20 0.11
S -13.96 -0.90 -3.44 0.53
M 0.15 0.94 0.28 0.7 0.3 20 0.03
S 0.73 -8.25 2.24 0.85
M 0.74 0.37 0.70 0.7 0.3 20 0.24
S -3.54 -9.07 -6.90 0.98
M 0.43 0.86 0.29 0.7 0.3 20 0.00
S -2.36 -0.20 -14.79 0.23
M 0.89 0.68 0.89 0.7 0.3 20 0.29
S 0.44 8.36 -5.22 0.30
M 0.44 0.10 0.14 0.7 0.3 20 0.25
S -8.45 4.16 -17.64 0.48
M 0.93 0.25 0.16 0.7 0.3 20 0.17
S 8.00 8.55 -3.41 0.43
M 0.44 0.31 0.47 0.7 0.3 20 0.04
S -2.39 -6.95 -4.89 0.93
M 0.73 0.72 0.81 0.7 0.3 20 0.05
S -12.17 1.96 0.32 0.58
M 0.09 0.11 0.86 0.7 0.3 20 0.30
S 11.43 3.40 -18.72 0.66
M 0.51 0.06 0.68 0.7 0.3 20 0.19
S 5.38 5.07 -8.23 0.68
M 0.84 0.75 0.59 0.7 0.3 20 0.05
S -2.61 -5.68 -12.59 0.69
M 0.10 0.59 0.19 0.7 0.3 20 0.15
S -11.34 4.32 -18.83 0.92
M 0.43 0.66 0.44 0.7 0.3 20 0.08
S -8.72 0.02 -15.49 0.67
M 0.92 0.73 0.70 0.7 0.3 20 0.04
S -3.26 -2.01 4.03 0.31
M 0.32 0.28 0.49 0.7 0.3 20 0.22
S -5.49 3.03 -3.22 0.36
M 0.68 0.39 0.55 0.7 0.3 20 0.10
S -10.90 9.60 0.59 0.26
M 0.44 0.99 0.17 0.7 0.3 20 0.02
S 6.18 0.86 -2.81 0.23
M 0.87 0.04 0.93 0.7 0.3 20 0.13
S -14.33 5.81 -2.77 0.44
M 0.95 0.65 0.29 0.7 0.3 20 0.07
S -8.04 7.10 4.73 0.29
M 0.98 0.22 0.38 0.7 0.3 20 0.26
S -11.08 3.80 -13.56 0.67
M 0.78 0.72 0.88 0.7 0.3 20 0.05
S 4.81 -6.77 3.64 0.71
M 0.94 0.62 0.88 0.7 0.3 20 0.05
S -12.15 1.68 2.01 0.28
M 0.46 0.97 0.08 0.7 0.3 20 0.02
S 7.95 -3.76 -15.65 0.24
M 0.47 0.28 0.62 0.7 0.3 20 0.27
S -10.87 7.60 -5.68 0.31
M 0.71 0.62 0.57 0.7 0.3 20 0.15
S 3.61 0.29 -19.59 0.61
M 0.08 0.08 0.96 0.7 0.3 20 0.04
S 4.84 -5.86 -7.98 0.63
M 0.50 0.83 0.44 0.7 0.3 20 0.23
S -2.36 -9.16 4.91 0.23
M 0.74 0.47 0.72 0.7 0.3 20 0.29
S 4.43 7.24 -11.38 0.80
M 0.02 0.87 0.24 0.7 0.3 20 0.30
S -11.78 -2.07 -11.80 0.22
M 0.12 0.05 0.42 0.7 0.3 20 0.07
S 1.69 6.87 -12.73 0.27
M 0.58 0.22 0.60 0.7 0.3 20 0.14
S 2.96 4.12 -17.77 0.90
M 0.25 0.86 0.27 0.7 0.3 20 0.15
S -5.10 7.57 -4.01 0.52
M 0.66 1.00 0.12 0.7 0.3 20 0.06
S -0.51 -5.62 -11.66 0.93
M 0.06 0.66 0.67 0.7 0.3 20 0.27
S -7.22 -1.39 -16.42 0.84
M 0.63 0.26 0.77 0.7 0.3 20 0.25
S 3.56 3.69 -12.38 0.66
M 0.56 0.61 0.95 0.7 0.3 20 0.06
S -9.79 6.32 -8.52 0.89
M 0.60 0.24 0.86 0.7 0.3 20 0.03
S 13.68 1.71 -17.70 0.45
M 0.50 0.99 0.40 0.7 0.3 20 0.22
S 14.20 2.15 -12.82 0.57
M 0.49 0.01 0.72 0.7 0.3 20 0.07
S -4.24 3.86 -13.62 0.21
M 0.66 0.26 0.83 0.7 0.3 20 0.11
S 1.36 0.28 -14.30 0.86
M 0.24 0.86 0.36 0.7 0.3 20 0.02
S -0.32 9.93 -9.35 0.87
M 0.50 0.17 1.00 0.7 0.3 20 0.16
S 14.66 -8.05 -1.17 0.90
M 0.23 0.39 0.48 0.7 0.3 20 0.19
S -7.83 0.99 4.48 0.76
M 0.33 0.96 0.88 0.7 0.3 20 0.24
S -9.00 8.04 -14.22 0.92
M 0.58 0.34 0.95 0.7 0.3 20 0.09
S 13.63 4.97 3.76 0.82
M 0.49 0.13 0.65 0.7 0.3 20 0.18
S -5.55 0.78 -19.87 0.80
M 0.29 0.33 0.14 0.7 0.3 20 0.23
S 11.32 -2.96 4.50 0.91
M 0.43 0.18 0.55 0.7 0.3 20 0.18
S -6.53 -0.39 -15.63 0.71
M 0.32 0.51 0.51 0.7 0.3 20 0.29
S -11.59 6.17 -11.16 0.84
M 0.04 0.79 0.80 0.7 0.3 20 0.04
S -7.13 -1.91 -2.79 0.82
M 0.91 0.82 0.91 0.7 0.3 20 0.02
S -6.89 -7.00 -17.35 0.53
M 0.37 0.72 0.71 0.7 0.3 20 0.01
S 10.06 4.31 -18.99 0.73
M 0.26 0.65 0.02 0.7 0.3 20 0.28
S 13.68 3.95 -18.41 0.39
M 0.32 0.15 0.28 0.7 0.3 20 0.10
S -1.74 4.80 -14.60 0.89
M 0.70 0.60 0.82 0.7 0.3 20 0.27
S 14.89 -0.90 -4.01 0.41
M 0.02 0.50 0.10 0.7 0.3 20 0.00
S 3.48 0.51 3.68 0.46
M 0.49 0.66 0.90 0.7 0.3 20 0.10
S 13.74 3.23 -2.00 0.98
M 0.86 0.67 0.82 0.7 0.3 20 0.28
S -8.48 -8.50 4.93 0.66
M 0.19 0.34 0.72 0.7 0.3 20 0.21
S -0.61 5.53 -17.32 0.51
M 0.85 0.65 0.57 0.7 0.3 20 0.16
S -7.65 -4.89 -14.08 0.59
M 0.95 0.97 0.47 0.7 0.3 20 0.19
S -6.81 -3.80 1.00 0.74
M 0.33 0.04 0.13 0.7 0.3 20 0.11
S 14.93 9.18 -17.46 0.33
M 0.57 0.16 0.01 0.7 0.3 20 0.08
S 3.74 -0.26 -12.85 0.77
M 0.43 0.25 0.54 0.7 0.3 20 0.13
S 1.32 -1.54 -14.88 0.56
M 0.33 0.50 0.26 0.7 0.3 20 0.05
S 13.60 2.80 -4.24 0.81
M 0.93 0.99 0.04 0.7 0.3 20 0.00
S -3.55 -2.77 -1.07 0.72
M 0.25 1.00 0.66 0.7 0.3 20 0.05
S 11.17 -8.10 -8.50 0.91
M 0.61 0.54 0.09 0.7 0.3 20 0.29
S 2.45 9.89 -18.76 0.43
M 0.54 0.77 0.93 0.7 0.3 20 0.05
S 14.78 -7.96 -8.92 0.87
M 0.99 0.83 0.88 0.7 0.3 20 0.05
S 13.25 5.65 3.58 0.39
M 0.17 0.31 0.56 0.7 0.3 20 0.19
S 14.03 0.91 -3.87 0.75
M 0.70 0.25 0.34 0.7 0.3 20 0.11
S -8.43 -0.96 -6.82 0.87
M 0.77 0.07 0.83 0.7 0.3 20 0.14
S -13.41 -0.19 -2.14 0.59
M 0.02 0.96 0.80 0.7 0.3 20 0.27
S -4.55 9.62 -13.13 0.56
M 0.88 0.27 0.12 0.7 0.3 20 0.19
S 10.10 2.48 -15.62 0.38
M 0.15 0.79 0.47 0.7 0.3 20 0.29
S 0.12 6.65 1.08 0.92
M 0.93 0.18 0.20 0.7 0.3 20 0.15
S -5.52 8.39 0.24 0.91
M 0.01 0.96 0.31 0.7 0.3 20 0.24
S 6.55 -0.65 -0.40 0.96
M 0.53 0.31 0.60 0.7 0.3 20 0.19
S -7.06 -6.16 -14.31 0.61
M 0.03 0.89 0.29 0.7 0.3 20 0.25
S -10.80 5.86 2.97 0.52
M 0.70 0.93 0.99 0.7 0.3 20 0.14
S 14.96 -1.91 -16.35 0.64
M 0.53 0.61 0.11 0.7 0.3 20 0.29
S -14.17 0.69 -3.46 0.76
M 0.50 0.03 0.54 0.7 0.3 20 0.14
S -12.10 -2.01 4.48 0.79
M 0.11 0.69 0.90 0.7 0.3 20 0.24
S -6.90 7.28 4.94 0.88
M 0.43 0.21 0.46 0.7 0.3 20 0.05
S -0.89 -9.94 -4.65 0.89
M 0.31 0.05 0.09 0.7 0.3 20 0.14
S 11.04 6.10 -4.79 0.30
M 0.92 0.64 0.09 0.7 0.3 20 0.25
S -9.81 -7.48 -2.34 0.20
M 0.80 0.96 0.49 0.7 0.3 20 0.00
S 8.59 -1.02 -2.23 0.84
M 0.39 0.87 0.34 0.7 0.3 20 0.21
S 12.89 -9.36 -7.15 0.70
M 0.58 0.53 0.87 0.7 0.3 20 0.08
S 4.27 -7.75 -9.28 0.61
M 0.14 0.54 0.28 0.7 0.3 20 0.07
S 9.35 -1.10 -9.27 0.61
M 0.20 0.67 0.15 0.7 0.3 20 0.09
S 12.66 -8.52 -13.90 0.74
M 0.12 0.07 0.33 0.7 0.3 20 0.30
S -0.37 2.23 -15.31 0.74
M 0.87 0.55 0.99 0.7 0.3 20 0.09
S -10.43 -9.18 -16.40 0.71
M 0.37 0.64 0.10 0.7 0.3 20 0.28
S -12.50 0.56 -12.35 0.29
M 0.67 0.16 0.04 0.7 0.3 20 0.02
S 7.55 9.58 -4.06 0.75
M 0.37 0.41 0.42 0.7 0.3 20 0.25
S -0.15 -9.85 -4.79 0.93
M 0.66 0.74 0.41 0.7 0.3 20 0.23
S 1.59 8.85 -16.22 0.37
M 0.06 0.47 0.22 0.7 0.3 20 0.21
S 14.68 -9.29 -13.00 0.22
M 0.63 0.30 0.63 0.7 0.3 20 0.14
S -14.29 8.42 -5.53 0.61
M 0.49 0.68 0.37 0.7 0.3 20 0.19
S -12.58 6.85 -12.33 0.59
M 0.56 0.59 0.71 0.7 0.3 20 0.13
S -5.10 -1.59 -14.12 0.96
M 0.10 0.41 0.92 0.7 0.3 20 0.01
S -13.46 6.96 -7.79 0.68
M 0.28 0.72 0.64 0.7 0.3 20 0.22
S 1.95 -6.69 -7.41 0.51
M 0.08 0.29 0.45 0.7 0.3 20 0.04
S -5.19 2.46 -5.94 0.76
M 0.97 0.90 0.50 0.7 0.3 20 0.02
S 3.35 -3.54 -17.15 0.69
M 0.11 0.81 0.73 0.7 0.3 20 0.23
S -10.83 -9.58 1.44 0.91
M 0.54 0.57 0.44 0.7 0.3 20 0.28
S -3.78 -6.30 3.70 0.85
M 0.23 0.43 0.23 0.7 0.3 20 0.25
S -1.53 2.92 -17.75 0.95
M 0.15 0.06 0.51 0.7 0.3 20 0.08
S -12.00 -8.18 -2.15 0.96
M 0.72 0.66 0.68 0.7 0.3 20 0.23
S 6.01 8.96 -14.94 0.92
M 0.89 0.71 0.36 0.7 0.3 20 0.25
S 1.31 8.02 3.83 0.40
M 0.34 0.02 0.31 0.7 0.3 20 0.22
S 7.09 0.10 -16.58 0.66
M 0.92 0.43 0.48 0.7 0.3 20 0.07
S -0.25 9.36 -18.84 0.68
M 0.11 0.40 0.71 0.7 0.3 20 0.05
S -6.09 -0.29 -7.80 0.23
M 0.64 0.92 0.64 0.7 0.3 20 0.13
S -8.46 -9.33 -2.83 0.89
M 0.95 0.74 0.45 0.7 0.3 20 0.25
S -5.88 -1.05 2.18 0.87
M 0.41 0.96 0.54 0.7 0.3 20 0.16
S 13.62 5.49 -12.81 0.43
M 0.41 0.91 0.82 0.7 0.3 20 0.16
S -14.15 -9.83 -10.84 0.49
M 0.87 0.76 0.74 0.7 0.3 20 0.26
S -13.85 -3.68 -8.79 0.77
M 0.64 0.72 0.66 0.7 0.3 20 0.23
S -1.90 -5.39 -0.22 0.30
M 0.72 0.99 0.06 0.7 0.3 20 0.11
S -4.36 -8.74 -14.54 0.79
M 0.17 0.35 0.63 0.7 0.3 20 0.29
S 4.82 4.30 -13.34 0.32
M 0.11 0.06 0.47 0.7 0.3 20 0.22
S 11.49 8.61 -6.35 0.41
M 0.86 0.82 0.03 0.7 0.3 20 0.07
S 4.67 -2.75 -1.55 0.44
M 0.77 0.29 0.35 0.7 0.3 20 0.15
S -12.17 4.07 -6.21 0.55
M 0.09 0.36 0.23 0.7 0.3 20 0.20
S 0.26 5.97 -0.40 0.90
M 0.44 0.00 0.04 0.7 0.3 20 0.17
S 3.33 -8.78 -14.27 0.22
M 0.49 0.49 0.62 0.7 0.3 20 0.04
S 11.44 2.75 -14.53 0.90
M 0.56 0.79 0.86 0.7 0.3 20 0.12
S 4.35 -2.58 4.88 0.44
M 0.33 0.38 0.72 0.7 0.3 20 0.07
S -10.16 5.40 -3.07 0.63
M 0.54 0.33 0.19 0.7 0.3 20 0.09
S 13.16 -0.24 -3.30 0.32
M 0.92 0.26 0.38 0.7 0.3 20 0.11
S 0.81 -5.94 -7.35 0.62
M 0.86 0.51 0.29 0.7 0.3 20 0.13
S 4.31 5.89 -18.03 0.88
M 0.53 0.18 0.25 0.7 0.3 20 0.26
S -4.58 9.70 -8.84 0.66
M 0.37 0.23 1.00 0.7 0.3 20 0.19
S 12.90 1.28 -17.03 0.65
M 0.02 0.48 0.30 0.7 0.3 20 0.15
S 14.14 -7.89 2.80 0.52
M 0.10 0.65 0.02 0.7 0.3 20 0.07
S 11.02 -1.31 -4.87 0.93
M 0.13 0.95 0.81 0.7 0.3 20 0.20
S -1.99 2.20 -18.83 0.96
M 0.94 0.36 0.69 0.7 0.3 20 0.11
S 1.82 -5.59 0.80 0.87
M 0.86 0.12 0.51 0.7 0.3 20 0.22
S -4.71 2.52 -2.07 0.35
M 0.67 0.12 0.89 0.7 0.3 20 0.00
S -0.02 2.52 -7.01 0.88
M 0.11 0.60 0.01 0.7 0.3 20 0.01
S 0.55 3.60 -13.17 0.25
M 0.91 0.03 0.76 0.7 0.3 20 0.19
S -13.63 2.96 3.00 0.62
M 0.69 0.83 0.72 0.7 0.3 20 0.07
S 9.82 4.66 -18.34 0.44
M 0.84 0.98 0.24 0.7 0.3 20 0.01
S 6.30 -2.13 -0.73 0.49
M 0.72 0.72 0.32 0.7 0.3 20 0.11
S -1.38 -6.44 1.40 0.52
M 0.41 0.47 0.06 0.7 0.3 20 0.15
S 4.86 -8.45 1.17 0.54
M 0.47 0.29 0.02 0.7 0.3 20 0.27
S -1.02 -8.34 -19.32 0.40
M 0.10 0.15 0.11 0.7 0.3 20 0.19
S 10.76 6.02 -15.41 0.95
M 0.94 0.92 0.23 0.7 0.3 20 0.29
S 3.19 -3.76 3.11 0.40
M 0.20 0.74 0.98 0.7 0.3 20 0.00
S -10.64 5.22 -14.45 0.52
M 0.39 0.28 0.87 0.7 0.3 20 0.09
S 12.57 9.13 4.25 0.79
M 0.86 0.69 0.15 0.7 0.3 20 0.29
S 2.44 -4.69 -10.31 0.26
M 0.37 0.61 0.99 0.7 0.3 20 0.20
S -4.33 -3.51 -19.18 0.53
M 0.43 0.34 0.84 0.7 0.3 20 0.25
S -5.73 -6.67 -17.30 0.56
M 0.88 0.10 0.36 0.7 0.3 20 0.03
S -3.03 5.60 -6.77 0.91
M 0.78 0.82 0.70 0.7 0.3 20 0.12
S 12.04 9.08 -3.54 0.50
M 0.58 0.67 0.38 0.7 0.3 20 0.25
S 9.00 -6.44 2.91 0.29
M 0.82 0.80 0.46 0.7 0.3 20 0.25
S 0.24 -4.66 -3.12 0.64
M 0.15 0.85 0.67 0.7 0.3 20 0.18
S 6.31 0.81 -9.32 0.67
M 0.57 0.84 0.06 0.7 0.3 20 0.10
S 14.49 -7.33 -13.03 0.83
M 0.82 0.41 0.79 0.7 0.3 20 0.24
S 5.05 -8.84 -13.27 0.95
M 0.01 0.67 0.81 0.7 0.3 20 0.25
S -8.15 3.30 -2.94 0.37
M 0.78 0.80 0.10 0.7 0.3 20 0.15
S 4.64 -0.69 -8.15 0.79
M 0.19 0.19 0.10 0.7 0.3 20 0.26
S 8.69 1.39 -12.32 0.83
M 0.96 0.60 0.39 0.7 0.3 20 0.04
S -14.07 -5.85 -1.87 1.00
M 0.85 0.68 0.93 0.7 0.3 20 0.10
S 12.13 -4.48 -19.33 0.25
M 0.97 0.79 0.59 0.7 0.3 20 0.27
S -7.38 -7.42 -8.73 0.65
M 0.77 0.55 0.54 0.7 0.3 20 0.03
S 14.57 3.66 -14.25 0.55
M 0.30 0.45 0.95 0.7 0.3 20 0.01
S -3.31 -7.19 -5.79 0.58
M 0.90 0.93 0.85 0.7 0.3 20 0.10
S -4.97 -4.68 -6.43 0.31
M 0.66 0.27 0.68 0.7 0.3 20 0.22
S -14.31 5.77 -6.67 0.71
M 0.90 0.25 0.75 0.7 0.3 20 0.26
S -0.95 -0.22 -5.37 0.39
M 0.02 0.82 0.37 0.7 0.3 20 0.30
S -5.89 -4.01 1.24 0.80
M 0.85 0.67 0.97 0.7 0.3 20 0.10
S -10.20 7.56 -11.18 0.70
M 0.25 0.49 0.88 0.7 0.3 20 0.16
S -8.08 -7.87 0.45 0.41
M 0.60 0.70 0.91 0.7 0.3 20 0.11
S -5.27 0.23 4.71 0.83
M 0.43 0.37 0.52 0.7 0.3 20 0.28
S 7.91 2.57 -15.68 0.62
M 0.35 0.92 0.45 0.7 0.3 20 0.02
S -10.38 -0.78 -8.01 0.34
M 0.80 0.34 0.14 0.7 0.3 20 0.17
S 5.66 8.77 0.86 0.61
M 0.66 0.28 0.85 0.7 0.3 20 0.27
S 4.44 2.72 -13.40 0.41
M 0.81 0.26 0.66 0.7 0.3 20 0.00
S 5.48 8.18 -14.06 0.40
M 0.77 0.72 0.08 0.7 0.3 20 0.22
S -0.90 -8.62 -11.14 0.69
M 0.21 0.27 0.05 0.7 0.3 20 0.14
S 2.16 -0.03 -18.80 0.21
M 0.12 0.04 0.68 0.7 0.3 20 0.28
S -14.51 5.23 -11.78 0.26
M 0.46 0.68 0.55 0.7 0.3 20 0.08
S -10.01 0.85 -18.65 0.67
M 0.16 0.53 1.00 0.7 0.3 20 0.27
S -8.94 8.25 -1.54 0.35
M 0.30 0.21 0.30 0.7 0.3 20 0.11
S -10.40 0.39 -2.46 0.21
M 0.63 0.18 0.40 0.7 0.3 20 0.30
S 0.67 -5.78 -7.77 0.34
M 0.90 0.25 0.22 0.7 0.3 20 0.25
S -6.73 -4.66 -1.53 0.80
M 0.52 0.43 0.06 0.7 0.3 20 0.28
S 2.12 9.27 0.63 0.33
M 0.89 0.95 0.20 0.7 0.3 20 0.28
S -0.52 -4.57 -19.82 0.60
M 0.55 0.66 0.39 0.7 0.3 20 0.20
S -7.49 -4.13 2.66 0.99
M 0.06 0.34 0.21 0.7 0.3 20 0.19
S 5.36 9.26 -13.32 0.63
M 0.15 0.26 0.07 0.7 0.3 20 0.14
S -12.24 0.72 -8.72 0.56
M 0.83 0.55 0.51 0.7 0.3 20 0.20
S -5.09 0.46 -9.95 0.80
M 0.51 0.25 0.38 0.7 0.3 20 0.11
S -1.51 6.64 2.26 0.39
M 0.56 0.88 0.66 0.7 0.3 20 0.06
S 11.22 -2.28 -7.39 0.90
M 0.03 0.13 0.26 0.7 0.3 20 0.01
S -1.55 -9.52 -1.61 0.22
M 0.35 0.98 0.84 0.7 0.3 20 0.16
S -11.03 3.01 -14.55 0.94
M 0.06 0.01 0.50 0.7 0.3 20 0.04
S -5.61 6.50 -1.65 0.97
M 0.23 0.43 0.96 0.7 0.3 20 0.04
S 11.27 3.38 -4.89 0.65
M 0.12 0.38 0.32 0.7 0.3 20 0.16
S 9.60 -0.36 -12.02 0.66
M 0.39 0.91 0.38 0.7 0.3 20 0.15
S 9.07 8.06 0.55 0.40
M 0.82 0.28 0.56 0.7 0.3 20 0.01
S -1.44 -2.66 -10.38 0.87
M 0.44 0.10 0.36 0.7 0.3 20 0.15
S 6.21 -8.94 0.71 0.73
M 0.31 0.47 0.16 0.7 0.3 20 0.23
S -13.71 3.28 -0.82 0.51
M 0.90 0.43 0.81 0.7 0.3 20 0.24
S -9.29 2.27 -15.95 0.28
M 0.18 0.61 0.72 0.7 0.3 20 0.03
S -14.67 -4.40 -11.16 0.32
M 0.55 0.66 0.02 0.7 0.3 20 0.11
S -14.15 1.74 -0.96 0.40
M 0.11 0.04 0.50 0.7 0.3 20 0.05
S 6.68 9.42 4.83 0.46
M 0.70 0.68 0.31 0.7 0.3 20 0.19
S 4.01 7.68 -10.27 0.40
M 0.37 0.09 0.84 0.7 0.3 20 0.30
S 9.26 -7.12 -1.56 0.99
